# Making a comment

# Demo Script

0.17 * 43.92

#Saving a variable

tip <- 0.17 * 43.92


